# Obtained from https://medialab.github.io/iwanthue/ 
levels_colors <- c(
  "#c93f7d",
  "#59bd78",
  "#be5cbc",
  "#94b541",
  "#6a70d7",
  "#caa331",
  "#523687",
  "#598d39",
  "#d672b9",
  "#43c8ac",
  "#85286b",
  "#b4a54f",
  "#b883d4",
  "#c57429",
  "#628ed6",
  "#d45645",
  "#d46f9b",
  "#b27c41",
  "#89223e",
  "#9c452c",
  "#d75f77",
  "#ca525a")