# Obtained from https://medialab.github.io/iwanthue/ 
levels_colors <- c(
 "#c98edb",
 "#5ab84d",
 "#c44db7",
 "#a8b63f",
 "#7a62d1",
 "#d7a236",
 "#627ac3",
 "#d07628",
 "#54acd8",
 "#d34b2a",
 "#61c499",
 "#d9417f",
 "#5b8436",
 "#9e5793",
 "#368868",
 "#d34250",
 "#bda866",
 "#9e4360",
 "#816d2a",
 "#e083a0",
 "#a75639",
 "#e58d6d")